v1:
(0, 1)
(0, 2)
(0, 4)
(0, 8)
(0, 16)
(1, 3)
(1, 5)
(1, 9)
(1, 17)
(2, 3)
(2, 6)
(2, 10)
(2, 18)
(3, 7)
(3, 11)
(3, 19)
(4, 5)
(4, 6)
(4, 12)
(4, 20)
(5, 7)
(5, 13)
(5, 21)
(6, 7)
(6, 14)
(6, 22)
(7, 15)
(7, 23)
(8, 9)
(8, 10)
(8, 12)
(8, 24)
(9, 11)
(9, 13)
(9, 25)
(10, 11)
(10, 14)
(10, 26)
(11, 15)
(11, 27)
(12, 13)
(12, 14)
(12, 28)
(13, 15)
(13, 29)
(14, 15)
(14, 30)
(15, 31)
(16, 17)
(16, 18)
(16, 20)
(16, 24)
(17, 19)
(17, 21)
(17, 25)
(18, 19)
(18, 22)
(18, 26)
(19, 23)
(19, 27)
(20, 21)
(20, 22)
(20, 28)
(21, 23)
(21, 29)
(22, 23)
(22, 30)
(23, 31)
(24, 25)
(24, 26)
(24, 28)
(25, 27)
(25, 29)
(26, 27)
(26, 30)
(27, 31)
(28, 29)
(28, 30)
(29, 31)
(30, 31)
Tempo de processamento: 107331 ns

v2:
Transição 0: [1, 2, 4, 8, 16]
Transição 1: [3, 5, 9, 17]
Transição 2: [3, 6, 10, 18]
Transição 3: [7, 11, 19]
Transição 4: [5, 6, 12, 20]
Transição 5: [7, 13, 21]
Transição 6: [7, 14, 22]
Transição 7: [15, 23]
Transição 8: [9, 10, 12, 24]
Transição 9: [11, 13, 25]
Transição 10: [11, 14, 26]
Transição 11: [15, 27]
Transição 12: [13, 14, 28]
Transição 13: [15, 29]
Transição 14: [15, 30]
Transição 15: [31]
Transição 16: [17, 18, 20, 24]
Transição 17: [19, 21, 25]
Transição 18: [19, 22, 26]
Transição 19: [23, 27]
Transição 20: [21, 22, 28]
Transição 21: [23, 29]
Transição 22: [23, 30]
Transição 23: [31]
Transição 24: [25, 26, 28]
Transição 25: [27, 29]
Transição 26: [27, 30]
Transição 27: [31]
Transição 28: [29, 30]
Transição 29: [31]
Transição 30: [31]
Transição 31: []
Tempo de processamento: 13867 ns

