.i 6
.o 12
000000 111001111111
000001 111001011001
000010 011010010010
000011 111010001110
000100 111011001100
000101 111011001010
000110 011011001001
000111 111100000111
001000 111100000110
001001 011100000110
001010 111101000101
001011 011101000100
001100 111101000100
001101 111101000011
001110 111110000011
001111 111110000011
010000 111110000010
010001 111110000010
010010 011110000010
010011 011110000010
010100 011111000010
010101 111111000001
010110 111111000001
010111 111111000001
011000 111111000001
011001 011111000001
011010 111111000001
011011 011111000001
011100 011111000001
011101 111111000001
011110 111111000001
011111 111111000001
100000 111111000001
100001 011101000011
100010 011101000011
100011 111111000001
100100 111111000001
100101 111111000001
100110 111111000001
100111 111111000001
101000 111111000001
101001 111111000001
101010 111111000001
101011 111111000001
101100 111111000001
101101 111111000001
101110 111111000001
101111 111111000001
110000 111111000001
110001 111111000001
110010 111111000001
110011 011111000001
110100 011111000001
110101 111111000001
110110 111111000001
110111 111111000001
111000 011111000001
111001 011111000001
111010 111111000001
111011 111111000001
111100 011111000001
111101 011111000001
111110 011111000001
111111 111111000001
